1.5836661834023342 0.9160266958785603
-3.3226791653227385 -0.5914391502209511
0.341700424544765 5.805640014388096
3.237025842446461 -4.346944559305842
3.166702289821262 0.6137037905012603
-0.43691920110145155 4.202034639827124
5.711598280985424 5.352608428818315
-1.0211830836014988 0.8868354469356274
3.19254835305283 5.511962457640493
0.27497274375695624 1.3316276840102583
-1.9828059064217016 -2.3063438466904147
4.9250929606191125 6.8824641028549625
1.7407635623107982 5.612718432411286
3.3018896901714827 -0.32243111657844725
3.30102417983029 7.53693163927749
1.8710262592041744 7.632717160930422
-7.431082374723079 4.958849015750806
2.3133694456574165 0.9235735383228771
2.3303387955278083 -5.155248092563214
1.209181203784957 3.2856052574422874
7.320418561069458 0.13422721421486927
-0.9105769704154754 0.1936746430956684
5.295447623727467 3.1835039947748642
0.09286326643866016 3.847762759208082
2.3494791776529453 5.487121965918401
-0.5273911379584688 0.8204162722480344
0.5884106487242324 -3.268653813275627
3.066032997432474 2.939798979847602
2.0184084439128593 1.1554863198494711
-3.095334671381491 0.4856768380447074
0.7662277405036297 -0.8881981691978282
1.4193714380023672 3.454583084532338
8.790269244357908 2.6284801261946202
2.9271814066019517 1.731994703241798
-4.907576375076549 1.9045500483828193
2.216828755787695 10.86767160494703
1.307500526787959 3.085570432401005
1.8750376290611241 -2.207240935430315
6.114162132254074 4.706958917672387
4.847715009354969 -1.2737948372610601
7.050059519369957 -3.046663826052211
4.112685537680973 9.885640252915923
-1.565930770470478 -0.03867182656997903
2.3587449143155084 0.1874876451816827
-3.5823883518380777 2.2468267093016983
-1.8242933694139776 3.7049327502866536
-1.3099272432416913 7.579763858063142
-0.8197118524104536 0.8405785416595679
4.928661982530811 -2.431111539162239
2.8188557645748658 6.705713915416741
-3.7869396444204195 2.6646818907162952
2.9355780592943246 4.814562338398318
-2.453022559161095 -2.753643807103395
3.8789896362208314 3.06914482363947
2.901774261245156 3.2472135541891127
-0.44808899768256705 2.8361133097796127
3.0550609038752525 -0.5716651048949242
8.716788240121124 3.705798515282435
-2.2886925899295347 4.363592991081787
-1.5088540128183574 4.833504573472828
6.1709440844266545 -0.9544563460661579
5.468154065279558 3.486011336971394
4.959416575980164 8.82845473755421
1.1166027823896663 -0.7134501916869627
-1.202251946651884 -0.9369170258755779
1.722433846109225 3.2281471093399183
2.9960868775880685 4.977859696529686
2.046806810760465 7.232722677766341
1.0472354003433582 11.792608999722628
4.252402451954023 -1.0857672030986172
-1.8552129930200043 3.736900694875467
1.1955339728269367 4.570401778731531
3.7036554484647617 1.737815914435258
-1.048457385046258 -3.4534500088691127
0.39254617255872404 5.0830356595645005
2.7707374788687344 -2.4846596033631574
2.6234513330642555 3.3871425670238127
-1.1818867703240787 2.5534103814039004
2.2095513864056 -2.114693072190243
3.28803449725382 4.018824294925643
5.898984475430997 5.793687387325651
-2.959609724645528 -1.3761701436944422
3.8541269619511755 3.8496294232839516
3.8541716707017724 15.869833366356996
4.055205838495401 6.088036304650156
5.4344063485755285 4.345008504700873
0.8650307192947557 4.732289193775763
-0.7821707723352587 1.1474530157359681
0.25269122781522757 2.294746901790761
10.332770840024631 -4.722154693330293
4.470536685348248 -3.805777136282746
0.30104528315803947 5.920222149082518
2.231408068743666 -1.8798812005455021
-0.5750933533358857 4.4465518961648325
-0.6293198741816921 2.7792509224951094
2.16405862365373 -0.3457612513809414
9.718198721571174 4.28210848034484
-5.290513311967386 2.6712355331699396
-0.38243127316619674 5.068760005266406
-0.8530746583577224 1.5869488107191636
3.817954204329646 5.116718699012438
-2.3210670654007943 0.7957955509725858
0.29019687982055764 -0.3519852372653629
8.355635265011948 3.45793415945944
-2.5391822356061624 5.304303009397194
9.63976230924548 5.716874937984128
-3.469731877434448 0.2567573376814951
6.560880137071842 -0.5476100762276106
3.5977499413264225 4.788682592345612
-1.3369496976810988 1.7857087181775197
-9.66856242424866 -1.6877955088034433
1.090754654984623 -2.492019455073458
7.876680694153887 -3.148508960658278
0.4158398478908585 2.470666078229929
7.188583840638016 -3.169103744245982
6.187389507757855 2.0368390196705133
-1.5334311437726234 3.6635725073477747
2.716614904064492 -0.1607807577716609
2.251287505964068 0.6128710512976632
2.408662442904493 4.383670428275768
7.709660538123267 -2.4561357957766567
9.678920148762561 -5.027516078281007
1.4535736578719 4.1179419433444755
3.0115707238461176 -0.24171827135413793
1.250759898713809 0.22519663522820177
-0.12171312499916143 5.058567549275688
3.2852557494741705 -0.494474542938355
5.238559551559703 3.106278275155794
4.926303627820257 4.266663830925005
-0.9843820393194602 -0.016651744709090366
4.690256978443743 4.197332955560474
1.9247542617290667 2.4223785799116153
6.59959362483833 -0.12965699980898782
3.9695505722121363 1.2721064512379814
1.216347668382007 5.955596667153884
4.971498856356908 4.928634689602299
6.699723705755585 2.0756138298779327
4.45503069666187 0.8830396762635582
3.166998868958392 1.5314850042763355
2.3491854739737854 4.14256529157289
-0.945594459640501 9.532594192467657
-1.6216625733989272 -2.3710790060358358
6.1691991446002445 4.849985698266569
4.246831341387759 4.262043833351408
1.9559116177511073 -1.2301157373489935
2.272896409497415 -0.43778216144360194
5.510431040303905 1.4705934265923009
-0.9717899084530415 0.8430109700492237
3.4865532353922477 -0.029408390094308956
-0.9599934240391534 2.8772739613708844
2.881879655991402 0.17500456866393277
0.30426209977403795 2.8353797744874907
-3.2131036293903668 -3.0668695877555994
-0.5863991965087698 1.23159025383735
3.1192672361528166 7.311282381018387
5.08757464352727 1.4242212921316624
1.93154165155032 -1.609105712696112
1.9333527104273962 0.9608288998875021
3.161786817217122 -0.9780313967883627
3.86964745126822 7.5178600868092795
1.6084634655553127 3.4461621995561895
4.484518370160005 0.5556063012109895
2.8067329345175005 2.0453326428144614
2.351633954775794 -0.7828352218796795
2.088236627332194 3.792793848483619
7.22411698806215 5.453374973906745
9.751456847041602 -0.7624512263969785
5.140354292194441 2.660031220658066
9.883290559583621 -0.9098738272785454
-1.0229986318507938 -0.15781352359847967
-5.646024607515305 0.10728192194926023
-0.7328775815933128 2.5414176313143475
3.230321512797774 8.754215021177192
5.421525817469782 -0.07685316038465118
-1.2342928168540888 3.7709090174234206
-2.7528395452743117 8.593251557075675
6.245984434596633 0.3109676524230627
-4.1672843047271595 6.873940546995486
1.5876565570905756 6.456138723104463
-3.739939571659722 -0.15775008263358226
2.018877318985459 2.1691301375530716
0.37976430267472283 4.242259756450995
-1.8434335457773399 1.4874338539233434
2.433064274162836 3.8519798026114964
4.561813561120003 -2.0487115306163295
-3.5228110146482408 6.599636558834633
3.19633044312653 -0.6945515316035933
7.584147111881083 2.416428683454291
6.2454698626297755 2.243066533076392
9.418692529575154 8.319227032795535
1.1037290654753353 5.497655423435679
4.323353418506532 6.927073607116455
-1.4737244580883764 4.469785255994381
5.810328152658516 -4.331462151123212
-2.2597306455967905 -5.341235839936362
1.030135395999592 4.583152120865464
7.408485387545701 2.2667412095111907
7.86301596405665 -2.9683652495736093
-4.132176781678557 1.8000282839721724
3.3826356161815063 1.8822989068612648
-5.442791560143556 1.6791678577539617
-2.696090201817472 4.410821175788138
3.319753685948654 -1.3835672307784788
0.15007909758790317 -1.813168678800226
1.7743552498165813 5.438512353804458
-1.5486137668079576 3.81456745586424
0.09107257385921308 -0.8543421961444393
1.6146907041635918 -1.7268723607097467
0.006862500750144607 -2.3123604133198548
9.073010478499 2.126948787098223
-0.5190118287733081 2.7703276786431994
1.5956190211130126 1.2045094416803972
4.211000120156331 4.7270277561702985
0.09019586860210116 -0.07294566632084809
1.0098138902540814 -6.286916193048105
-3.4546878239147887 6.920747362800289
7.921883768604621 1.103470257597038
4.075605067000759 3.1205005563567303
13.083970910438856 6.030469681164477
1.5394966706692403 -1.439945586161533
-3.783206752927261 2.732469089122003
-0.7228626830234921 -3.120113354551627
-0.3276623832730956 -1.8935728130118221
8.073709886261234 5.173903125018022
1.9712984912601774 7.327798900004093
2.278525907531426 -1.100623124781749
7.483246678170766 3.9400761572647713
-1.734086155575243 1.3147807588990106
-1.152225712185126 -2.9780790314716103
5.334239171113909 8.87389990569247
-3.0348432657489086 4.026689252086055
-0.34231324883857717 0.24634861844709421
-0.13261812725992916 -1.110366770847338
2.1746778606013772 -0.991420419079736
2.97364457280742 1.819142805983107
1.1397870312809248 -1.2672291833497527
-0.07637679004599773 4.719408412972722
3.8033018754477705 -1.5191988812747836
2.357596299545213 4.70499364413844
-4.009859012036938 3.9560966925677663
-0.3854455322050483 4.0541552069353735
-0.747732963553061 -4.497575562392269
-3.8591527763793856 2.173105807980975
2.935001006197335 -1.2555398503758708
4.298932851598546 -3.9814722241682556
1.7621127248696604 -2.3596583191448444
-0.3466099880877729 2.1706352167390905
-1.0974881150222289 0.6156000407726288
5.622654113171986 -0.07681073028333563
5.008491603434511 -2.0669446767674255
3.907295040495018 7.189647034368441
-6.897920200458241 -0.8688229196937165
4.0774596578499445 1.2690366102452262
3.336125144136712 -0.174346672176954
2.3117232349024395 1.4395619525885137
6.204015421975306 2.9159150358843675
3.2153695834707277 0.5172429219591175
0.2446175933390231 0.4427905238493648
3.4200277125618688 0.4844558690470533
3.043189484827087 9.471442875123579
5.136048932354092 0.8263152841957719
6.324370119790202 0.530928657122415
-5.337248326640274 -1.6291107193026546
-4.73485091569308 0.7345514574512888
2.066306165082386 8.035174324191019
3.1769385455509855 1.2112380962880889
4.985860092260561 -5.960087112428386
2.8482124091908374 4.7751146979930805
-3.32291048480743 6.117514555544945
3.218587066979891 0.5049635099571155
4.278014717982625 10.174494288095826
2.654718518210583 2.8935941106812098
0.34630076165512125 -1.0594397300732505
4.989208939559284 -1.0819017732719223
2.257638453989813 0.28043319164558
3.7243273726870108 3.201183579033014
5.735143799328437 0.1639409641229106
1.0284502329438636 -1.5235493768163066
0.40054426372599816 3.358281774961468
4.725159019923266 -1.3197951670394517
5.130581312380377 6.880296291697824
3.4883656516053234 8.756464925209038
-0.785641116772863 -2.4807569319211016
-4.403392896055403 7.385759521361059
4.355716362874608 1.7998951847223617
3.007887054751353 -2.0517605702741557
10.804707126620576 2.465196255110819
2.3938212605776146 4.612759846035291
3.7316332342521674 2.805982487404873
-0.8457080396031231 3.6972860856895844
8.775288187310121 6.84351216615792
7.73547185590183 0.15962356484773332
-1.5625773529308913 1.5471670876412666
2.200609684239301 5.939089466495415
-4.09287266697335 7.50638115005821
1.431171565115638 0.4632281481892879
-1.643575750936603 -3.9574840187167695
4.963414102262893 2.263944681878254
-2.643859239067794 -2.662283579429018
0.7911750825555384 8.008477491041814
1.0654711350910229 -3.4113146312251823
1.1153249692906004 1.0181951489083862
-7.708791914589659 1.804538480535876
1.1686356912487592 4.5063429133283055
8.656241941803243 6.055634106371927
1.03200071400261 -1.9834932714700133
11.264095291699498 2.213186362452158
2.0501454508866064 1.9131496864039883
2.713105138764278 1.4803025170738071
-0.06518322476885086 0.03130781153458817
1.8820882272224058 0.04367082391844601
-0.5662448176377919 2.3831488196908284
1.082082017284921 7.414374758897679
-7.5434913102148435 5.929424666920863
6.485906692991465 -5.464204836669338
0.7663246613107444 0.6628128824151507
-3.067042100984157 -0.800140075327151
-1.9980730436769836 8.308173596325041
5.368442215330861 6.577598341978971
4.598019430555647 -2.0645863763820254
0.11172704139281486 3.761748420420505
-2.399660112011004 4.566794348620597
1.1348285666307139 0.6506450928214489
4.55945588553257 3.599347921349743
0.7005218030513123 6.173587292111293
-1.8918279793596304 4.21736818499935
4.135164528686182 0.8856328184696349
3.174078880071625 -2.5040088749870906
5.326497269144843 1.3343523088052396
0.11819712613145761 5.776433213012801
-0.5356372859539333 -3.070460666908815
-3.603865024686054 4.181635824844303
-2.6095456689866197 8.317259055143712
-5.494945868381399 8.107242925844137
2.7596628819294264 1.6518327972665874
0.03829128748778099 3.4368900116674554
1.8645150712705458 5.9718867752594775
2.411219535183343 2.5410863412627593
0.6909960360301188 1.794995754604157
3.108086368011413 -4.156606213563852
-2.853467519580567 4.675750738481774
2.6151155772605907 1.337659989130355
2.0663621590354153 3.251294139302016
0.05686515088629851 -0.8018970114483257
2.7050429183516536 -1.5221419994141154
3.4697099205720985 -4.129300975256226
5.7049602943723166 3.701350936686955
2.9217070435299526 5.53768754220385
7.995708000065276 5.651732234065269
-4.627147232793924 -2.606477080248526
-0.24934687970444402 2.0939277807590018
3.8635724736888433 -0.6126777273524762
2.672360352117482 -0.7193785564719613
-0.2014640907710139 -3.0639799486536
-1.3236396859992556 -2.8660645802188016
-1.5131437107183978 5.793110467788223
-1.417835999794995 11.476575433414608
3.775944443171201 2.665410045301546
-1.0900880086523688 4.521115565872369
-0.07229617445598624 2.4392353327233014
11.216304337767662 1.6541843609912603
6.137383974628433 -0.5314351304531946
1.874041434210938 8.374882288287836
-0.2570814080359627 8.524814808788943
4.547906967639712 -0.02488039321936375
4.276667860599876 5.501196018656227
4.238515863981908 -3.652808991605643
-0.6176938329695272 1.1089329120145828
1.7320396552398334 4.234419551182441
2.639723603359714 -2.807239691356365
3.3687122636214673 4.198108683021763
4.015245612551743 5.890810611996638
5.002119756376055 3.653048285222372
1.7474034387488706 -3.979459360657569
3.5466255888773093 2.7476756737872003
2.9776838139033446 -2.5962948729531137
-1.8918035454697448 5.791350271998453
1.857601446116042 4.453402510541448
2.10194615406966 2.107122102184683
5.377821701513591 0.1422389784174538
2.3460347969875404 0.33580896066184707
0.4358135812436639 0.8869803555128983
2.7996815778813664 0.27650496201148167
6.520722052064675 -1.2205862879902143
1.3272620810191076 0.41696819021297027
7.209120383673438 2.707597195441669
5.714640342087085 -3.3480173429330993
2.961380957129332 5.202670864244373
2.296222361391527 5.8357293502352645
0.1377615796386602 7.073650784668088
10.276033245029302 0.6937811824172273
0.3961909229572216 7.232184117623723
7.686459724630565 0.11770390224823402
0.4873274584549139 0.9855754081021739
-2.8400218397233976 -1.3071470073431137
-1.6149067603074445 -0.7640712343748626
1.8751344054075878 2.843173037131475
7.5818017741306765 -1.5940745466596478
5.543560634515702 1.2296401607881677
1.8219306452512414 4.429350171799774
-2.041799277624275 3.3766750862625825
2.599227949567002 3.7728245504293367
3.041007118068145 10.83908050367922
-0.29586394330473764 0.08841096199345633
-0.24330589512915157 0.000282371023083261
-0.2945936583034636 6.280459511987186
7.113815292763477 -0.054686657498114855
-0.9964800631752233 3.6970960029910547
0.011997040588503483 4.278554543919839
2.730522875064679 -3.4566788139900355
7.571018724788222 8.46515962314388
-0.2060392857437905 0.604274384230457
3.029115406609658 3.20404444395329
4.3707593816221895 9.23673633955886
1.362989981021422 -0.8738700803384334
-2.9655492208522984 -0.6313481437909085
1.8807428976543306 8.460408308664036
0.13659932346978287 2.8056366259000347
1.9408775741380926 6.278215784413103
11.096956733145038 0.0888724174868456
0.23801800693440023 5.7589791574486595
4.454809362654721 8.648146372649721
4.10214146717347 0.7065484731665856
4.126357390492314 5.991332890098468
4.95373585231051 3.826186511986272
5.840028882520954 6.2094641256044225
6.975772367735098 4.335355595322714
1.3983749108593244 2.528169271159962
6.343432279430084 -0.9409684155540501
3.3272239119424443 0.5839802756215016
2.103481362565343 6.602426705386275
2.687956644871652 2.1671715733621357
-2.8954821075277097 4.686512837697995
4.323743052107872 9.787717003899658
0.8919983541691969 2.7889411795901804
2.897781261358719 7.678831807148508
1.6569360834069724 3.004477492773221
4.188427434979541 2.6717928433628892
0.3928389876180982 2.698723974433907
5.86507429949518 -1.6954550778798168
2.4786908269287538 -0.5204349337810235
6.302167864129433 -3.4834728572215887
-0.01211865017771796 3.357962750232275
7.635886505243626 1.763299060137244
0.001281703904485676 8.772165449986126
-3.212850041498479 -5.915701443832295
3.5840520201919968 0.1926047923305998
-1.6764381416705678 4.550083210277672
2.877682569576316 -0.03068307065222209
-2.6090958352152196 5.140846381808521
4.34072424065118 1.6429668903942214
8.647893185771597 -1.8523051587741493
-3.4918906153290603 -0.49086905157248006
1.8358903411202079 2.8760220175616906
1.1315501917172126 3.267399427451468
-2.5055419270855985 7.197552574663734
1.7042557577867523 6.022264993717259
3.2338112469597347 3.644311588953622
4.051162208835934 3.611750816062334
4.313801935523158 6.784949108476753
2.7074762109252926 4.552413527318644
1.6769515005659839 7.184421975618102
-0.43501228741337084 8.483385558478936
1.8554313776803637 -3.1507903676249738
2.4611758936788415 -0.4517859669095712
5.0263167763594065 -0.34944632548860755
0.393739640426793 -4.802346631403911
0.3716972507033238 -6.725965575864244
-3.702050164548604 4.737492762119471
4.828880571142996 3.531647222425873
-1.481114115265167 1.8282391178888726
1.9870308592739538 -2.1701128810931545
7.412233886361743 5.158504246072416
1.20452897421321 2.096789020380311
2.750178108611189 -5.350245526327447
1.110161422925851 -0.45514329279207466
-1.6058320356216957 0.9880389456105623
8.471671496658281 4.307034300561236
-0.05624436321806847 4.061298012882171
7.0376795717096075 5.328681258485968
2.214669331712627 -0.3289723997400662
4.513603929008924 3.416547387518299
5.222695592099836 4.28661848605509
5.7783897751496065 0.07315323838195531
6.742618636283573 2.7113585768926387
9.470939141450955 -0.48107614512244457
8.249469691394898 2.712478820465532
-0.34510481301201423 0.25801099740444244
0.8467496905004475 3.526997407046899
3.882207756927799 -0.06532001417888456
1.9123234678604617 9.71217329100271
8.21915541236256 3.5707652108265155
2.136812521405521 2.4321127761857406
4.2086647018295 -1.6820532347142603
1.0734444652759576 -4.0069026659593225
3.4372032413790055 4.3299053829298675
0.26052873572225344 7.666352347844119
-2.4127563868084287 -3.271749568755353
2.808026546815899 5.769553889403756
8.062139689248326 0.3480166536718159
5.883251000352664 1.861369509797454
1.3785417202130494 5.18117577495202
4.348362362288311 -3.6750117651432976
7.315545259013225 6.968328874930826
-0.2520257254343061 3.4248927203746726
3.7785086706178594 2.9384255569660658
0.01890144615648759 -0.4178441245769857
1.908005344430797 6.221824469333713
3.9569605565399564 0.6657884044900186
4.778115358334041 -8.254753434268272
6.135556521339573 -4.262969603601158
0.6952126109487242 -2.0308116206541182
-2.660853312595261 6.17897643456267
0.31627567527719114 3.247413974230577
1.8310859160349373 3.7173469780032375
2.276558807816919 -2.618772007078851
5.586560550009704 0.22247630061927492
-3.603694835175104 0.45878542052271487
7.40273524628352 5.060798271608574
0.7448523161317069 0.7426722644536563
0.8421138156174226 9.476292740819027
3.374967628033592 3.5481499298878507
5.709020434514632 2.859640972495449
1.0674482750454688 1.2931405432940783
1.7422354661093697 1.8659999485645702
4.619466357093128 2.187005188906278
4.637504277976085 1.7094203116091036
2.283086685137926 -5.1935224643155875
5.2987796289289335 3.247358513232774
5.592836395494748 -8.42651936149728
9.518148937210618 1.4974773386413744
5.98945814025506 -1.7436613376519112
4.2059860582252515 -1.792296027425162
-0.24556825850489838 8.89051287392043
1.3135433572519521 2.7827583434470022
5.132243830479515 3.784454796701377
2.5415080585168752 3.3138596088784116
10.65229610685779 1.7925723306790926
2.723956568173883 5.782355825627404
5.9798933586487415 6.273309100017369
4.299428799305065 -2.114817685829741
7.880353516283946 -2.1268434148672766
3.0894876748605196 -0.7153930600696885
1.769101952265227 3.1835446770925295
3.156885975620983 3.518914715247025
7.80936056861113 3.6327234854503274
1.1210361129536648 5.470713805838086
6.282093760128706 -2.4193881344931727
4.150640251459489 4.5242218723192344
0.9287713879040289 6.95254452792183
1.4597998866829038 2.452075232497552
1.3769414325780693 2.056084571293283
-1.9465903128227264 -3.1841831773394595
7.7402182276099 -1.04906085394598
-1.5690124580427058 -5.752204408973373
-0.3002622916822082 -2.7631232562669945
7.911254576490928 5.6353415216334835
-0.4773412426398056 10.108768899239513
5.53435575316974 0.8306070193689592
-6.997860573544864 10.247393261326671
-3.002460880348946 -3.9234354890448104
5.681253555234705 10.783108662821382
6.983382146637866 4.030072832188495
4.14111562999503 5.072296011609108
4.732142923232354 3.012289126289753
2.375123974226754 1.7746647395617192
-0.7142725199200348 0.9895697232796132
-4.094644531103388 1.6459773435389005
-1.5589279857433032 -1.9729215419767754
2.6476189441525224 7.011208230840558
5.305939781608327 -3.653802173043437
-1.5626612916532152 5.386776276757578
-1.5369546167379147 1.1913206600107114
3.980187556488387 -1.486040037509087
2.3793518221254555 -2.8024917817055357
-0.16492351822436913 3.151214962913133
-3.7347774407140095 3.5857090566574366
1.9293039238639476 3.988963835901732
2.8060908826327813 6.910905547905839
2.4508082095324664 0.45414005194908924
2.440271010916222 3.9558729045309966
2.1758962531725357 2.1461300883339764
-0.5271700761043192 -0.38644330318341336
-3.049378978478897 8.298476275472982
-2.4779076474086263 -0.4944587120652666
-0.5862661560491107 5.2217277569999885
0.9381811581486998 6.491871461625442
-0.4245662472779266 3.004378984005687
-1.0072493917351264 9.7225368599842
-2.2753543085062464 3.115354556817299
4.281596771355554 3.4896767508253936
1.3329644280402502 1.532645480959666
2.1577212991247947 1.470792794137441
5.469964820461675 9.957882805728865
-0.006970426028201082 -2.93129072648468
1.6821846259354827 11.286953615555547
-0.8932284446910308 7.900820499598643
8.039722930675186 0.007082329851219482
4.048339085066991 7.862227843262737
0.6351401324450465 1.2671107036314977
-0.0940512902151176 -1.653124230494321
-0.33739916223762556 -2.406184960344124
2.1227004857332137 -0.7719036318111105
2.841629282446692 -3.6012243263330586
3.1911688359720456 5.000704261792128
-5.17744831325724 3.3466036514512596
6.419608372903852 -2.3547076672883396
8.021260592615732 3.5084684337177627
-0.5380426807302721 1.7992313204322583
4.009976885078201 2.2736194090846813
3.939521572806929 -1.3144249350857184
2.609698966529881 -3.0893721888579284
1.5995861791446788 -1.2540675092732432
-0.6479077933231596 6.4499354307575745
5.9287164341393686 4.192897235265837
-1.9323259528212846 0.860929581098713
6.367151719925061 2.510180889103657
10.3495863439341 3.4159442218197387
2.691376819364114 0.887180728870995
2.4807472572162164 1.451108589030042
4.549191236078926 5.4441283404605025
-0.829562057828618 -2.7924386328080013
-4.6103393431718676 3.8287687768851573
-1.972119782225945 -5.750406134628938
3.3988829763114707 10.974798262758046
1.978144718456384 5.018566788025911
2.294585690771234 1.6439972485118863
5.308675338755966 0.9550116409208551
2.9626123306588505 3.1581121023056493
-0.4051256331149755 5.571352458331482
1.370144875896529 -0.7206825741742411
3.9314354368534525 -1.2344847344477343
2.101452166528862 1.9671716120808673
5.909224036993681 3.70891363836783
1.9099029485174819 4.943958677121033
7.004747176462328 4.008117102866704
2.03726943143617 -2.7226104364605748
-1.8344091870713415 0.9011910643231964
-0.1942439277734196 1.3269033092523943
2.2039397296295857 3.906893915684231
1.7462043989872715 3.751405917774327
2.232107893316433 -5.1116796388739365
-1.3816074177475155 1.4812847994021843
-2.3549010742279872 4.159743427986337
7.510702996437311 6.38754266611034
1.2316056646512512 7.366614092659828
2.5352028459276017 0.7864905039750583
-0.2082495887473832 0.911109128642738
0.6025634532515765 2.6134984005517556
2.5780663317795125 2.010965672552292
3.5729774110868595 6.286326589230829
5.418394887588765 -3.345632686419653
-7.194116085647037 5.363551680461386
-2.920763314295516 1.1908445531863392
-2.2124068938136947 -4.487129575288071
3.949265821537237 4.732958577089528
-0.0754374426161899 -7.327752251721677
0.03351998629106201 3.4104944194491678
-3.3240816475868638 2.6600957112049604
1.944884542977216 4.085449398563918
2.4304893262909517 -1.5030481871736
6.307657405992169 1.4292935371029079
1.9017036577642452 -1.3597646526635057
0.4041838957105628 -1.1852897704968433
1.3773941842756772 8.162150528512438
-2.938844114552883 -3.808821032356268
7.296213178976991 1.246434762253282
-0.40866185917569986 5.743656874625875
-0.18021594305271105 8.573634968768971
4.440533136821369 0.24351893067547037
9.766309567755812 -0.1805737228120181
4.671543339233505 3.077453289463371
6.686268641835674 7.62144030821667
2.1152149366367596 -0.7123043332462604
3.655899714580819 -0.43977533110758227
9.248194091095844 2.4915271918978545
0.6848424152764088 2.6648491011136706
-2.8496546423069073 -1.4978105386383458
6.321490068599932 -0.36481940429702453
-1.7688795376549828 3.93194990909823
6.268534956786789 4.58823191839424
5.585771668900939 -0.7244623188500587
-3.118518400270638 7.404801147039753
0.8383525801683114 1.0970011407618294
6.781498910656609 4.002428033842376
3.6411959794937876 9.794008441643903
-0.31666562936851506 5.340224461092454
2.205247249629504 2.966932203907725
7.5024863350851145 3.8282087226426453
3.9378658845786787 5.861026414315289
0.6861701736456127 -1.0211548024204231
-1.7613130984757208 -5.0788837217536065
9.40234566778516 -1.9715501165980593
1.2034869550912208 1.0034721203998855
3.106664112112763 4.936653965141469
5.097704558095083 -0.0990787788481784
1.3983618303689185 3.0172878217578787
1.1047119457392305 7.786444073671974
3.767509825897705 4.645560029779343
4.386372567202686 6.22450588694717
2.651677611333345 -2.668595012641048
3.4388766263095096 -0.34488481765058454
0.09697994570087531 4.110910467518336
6.457819057161089 2.076577676249822
3.1117988453562697 8.127973800686856
2.866711446158846 11.366059211049421
4.035834724273559 -4.3387459329609435
4.712029835976317 3.3721701855779997
6.6431099146978845 4.42345286457185
1.5015584576584142 -2.407473650641717
1.247516273770309 -1.0618736351534803
-0.08988441929700164 4.118882255914194
8.011656215665063 3.420817507362732
-2.305179023326664 3.600569605592507
6.307873351924344 -0.1952184555497758
1.5175381999774964 2.0528775010251095
-0.8256339270960642 4.333809561837892
1.5645866650119864 3.5103167980653
-1.1949718400875606 0.4251501188357225
4.600572888179977 0.6578006524696389
8.217069864440258 0.5613097317874316
2.8088650127067893 5.357326994743124
-3.1061166385589143 -4.338911723130793
-3.4923627324523414 6.545302772337855
0.013310674787191612 11.209517428405709
-0.0312913551665992 2.664384691509333
7.551595829244352 9.221934397372841
9.421412875891033 6.350118430135312
5.686625092921265 4.133097017124259
4.802099874199897 0.015731421217279662
-0.9455159803203057 1.9878519533205725
1.3873353589102577 0.3683790224218093
4.506994810844175 5.439098750853839
2.3182647906506504 7.319108291798943
-2.1100808108806186 1.3028259465930148
-0.5805603541700979 -4.719531821463016
1.7023495309662828 1.5617089698201791
7.448419075671672 4.270922064397199
-1.6870725675851377 8.674733238803078
6.39572130389127 4.095551732487017
1.1846572441406051 -1.4539812522045272
0.6600556061442091 5.919495030935069
8.784510701364592 7.5556767017798805
0.24014208156941308 -2.0306227598404405
2.507190488880334 -4.366381716026266
3.163403771065213 1.4686306893247927
0.3222685932743279 -3.7409310421604633
3.8489603836509794 0.08227697721711902
-2.211700608557037 -8.340143967813939
1.9009463418177095 8.38010574801108
7.980533172372332 0.35445347628942137
-0.16796341730240982 3.687587321870086
-1.5941875810778492 3.0864508393500776
4.757889002184886 6.416959605983507
1.6394453246721699 1.2667744993629229
-1.16073731232362 -0.9767692745434964
1.1846759891545036 3.3225158245382413
5.288904654439698 -0.8914442224492416
7.373678848254278 1.0239550362467524
1.9230777403456298 -0.6899620449321642
-6.727264936982589 5.18256342689978
4.65263802953276 0.9872207943744318
2.241166582009539 3.8573811837347582
-3.625165084791554 0.0954103615533386
4.859352846638577 -2.5154419234092984
3.0568085557998654 -2.8836944966442584
3.679147936760695 1.8716906637290591
-3.8144745372598345 6.193061676045817
-0.6445296764729771 -0.9169087732517718
2.7220491100313944 6.135094457943375
-1.6569585483222293 2.222047459452698
3.543739401190063 4.495180186147319
2.6351895989980108 0.6786997793000396
-0.9793247943353909 2.3101179789669493
-1.859700443148185 -8.516861740580588
3.571615294967604 5.254165427910303
-6.506556767950618 -1.6350305369557754
4.228955339618712 9.406983690962115
2.0748573476314682 -0.620810588424884
1.3415728120225754 6.949555108933465
-0.3254710448483271 -0.877091223940913
0.2621233201446833 -1.4319829897313645
2.441613137581264 7.848842450490419
3.1630853832177044 1.0915273923453648
0.9494794319040412 -3.6274869113079653
5.179195197729772 1.7197860907539126
1.3502723110737476 13.4951872442415
3.0755104701164706 -0.7064477803426636
0.46511265366004406 6.134404553108317
2.407773477935952 -3.1778007219425204
5.3092241644707325 -0.40531870794037816
8.743871994383163 5.888173036572734
0.38964117562849565 6.611658902246407
2.244279837898652 5.06998523043999
3.745038142260109 -1.046883957967145
-0.31677939634286334 5.70785894329218
0.7948088044164527 0.5468655323288119
-1.438441285657671 3.52495663613646
9.425089709275323 -1.8431184913153826
2.087190044021929 7.083993999495545
1.7132909915154255 3.628538466499042
-1.8246167013287669 3.541905549947535
1.3262806459836245 5.548627984447506
6.274589785633104 11.32242911126701
4.086679423568873 3.1728667396957992
2.6997834856784095 0.7286013458815219
3.218541836462088 0.9365549234994941
2.6064595145706115 6.743351128188655
-1.6235532350067081 6.103562820064564
6.741614242423515 1.5749533028321165
-5.63867763643094 -0.18815915353995694
6.669180367619993 1.9176749757240243
-1.5974880362616788 0.1828102835784171
5.0262320954163915 3.9682408455249654
1.1398444429891004 0.6794321174671247
0.5896706634422411 -1.3206766641946093
7.815352482089991 0.8396463108391763
6.381770674971787 7.476737786920825
5.593919233332658 0.44616687421502577
3.453428325211794 1.9128958169927017
-1.2533266986284612 3.167693414197771
-2.2445432481752894 6.275645798461629
0.32737772972578494 2.7241747611422213
3.0198363375661117 1.0679420946653215
4.112097685310989 0.2903468361589121
5.1366702708460785 -2.845526848888295
2.4549664863670824 8.980144396609825
-1.601192768580069 -0.4398818938894653
3.850068258772094 2.646494414982553
3.262268357384813 3.761073668531589
4.284997286822372 5.994919431042403
3.4753471649426455 1.131472443373247
4.421265324329832 8.839574965622777
1.5225185130227352 -1.5083054968143093
5.985490409433102 1.5666278097670463
-5.82161036565053 5.050718037741518
0.07281853056587817 1.6740801837050212
3.195129190048452 2.685798847204639
4.5540265417005426 0.4322490659485638
3.8471808734338975 1.0656319606978981
4.659717731195011 4.215322942446992
-1.3675793273605432 5.909535618230116
0.07053159758942695 4.909008073812123
3.3222343282448263 8.617461236462441
1.1955224634613324 0.742459533974489
1.9300894188041626 0.9085527817966084
4.87979084699138 -3.8187181903717162
-1.793256708926875 -1.8440905176850952
5.4211073311048725 8.158208141294931
1.6239828132651026 1.3922417965159617
2.252187787207453 6.182761889389486
-1.3384712830860668 2.8581283378452262
5.510711467216748 3.803939011783443
2.6824938197554764 5.603765933241709
-7.7316362547972535 4.440351150311267
-0.3546724592587256 -4.590278428683245
3.8403293582899307 6.945170762586648
1.5051853473403094 5.43034836993058
7.804201728759124 6.733692032902571
7.903872305737015 4.6716589678588125
2.271561100045734 -3.7670769228298067
1.1141750427321853 -1.0356877431382903
9.81539378299213 1.366811075243588
2.443537304424148 3.9853473537456834
2.1569688069408333 8.102183745550711
-0.24153770224402704 2.7005868388540737
-0.6728941085129736 -2.7520810403945406
-0.20236872725902755 1.8666675306257168
0.45451199173786416 -0.49271552754588166
-3.062742869218602 1.7008199385366989
-3.4169933465116085 4.73620146928257
2.296783110564212 -3.24718539807375
0.8868473226204916 -0.7077630601260996
3.1490282375090497 6.82562160568332
-4.75062089072468 2.414093884930702
1.4235219359600946 4.416824275221677
2.767507861655681 -0.7070895942597488
0.8514058316001747 -0.8656930844925608
5.873625698954954 2.076721935218992
8.844286468710827 1.7816210702673652
-0.5502643608776663 -3.449371813406178
-4.491302834521402 -3.7028893948197634
2.9616559436413405 3.8314100836277616
-3.69228652731568 5.222137930674016
0.2609802139396178 2.5284548431479776
7.803994261719528 5.228621537115915
1.0332896675390035 -1.2082920114950348
-5.746535444785498 -0.5889519492727122
1.2399311402203002 -1.5538462977442622
1.527474918467703 2.2766667786515655
1.1905184654909173 -0.340009290964455
2.6071568190802195 3.5909863384498726
-1.9254366787942456 7.079356567086572
1.6450827237766577 2.0678586426014514
4.549571923723606 2.8395780725486057
5.431291882087683 3.033646994726567
-0.20477454870557654 3.301412690741966
-2.1174143463543826 2.3908149407954835
1.8803720336799412 1.2507793138188572
1.5372649588198493 -4.774656563791501
0.024590332132538473 2.334241644108013
2.5754830111906415 -1.6996305073334494
6.5565482271129225 -1.1182294535722033
5.490045921896252 3.5378997027380654
-0.32641831543769095 8.391119213394244
-2.2970925943233285 5.308955024996005
5.602096344954722 -0.41423275267592174
7.012875080231583 1.09983254744377
3.039297065407485 2.937158619576395
1.5164885307060278 4.918909783375216
4.8565593939879665 -4.294715103657451
6.695624874361349 -3.9849711569284274
5.717166335629967 6.0561384925793
-1.9274791487747138 0.5210685633634946
-1.980536806549369 1.2262842909605527
0.8910765769313316 4.806777916169624
6.71711148603059 7.024461718843842
-0.023804895681887484 1.2468012545197
-4.060377491995421 -0.9011322393862797
5.473465879150847 7.816098164773634
-2.4436559387677192 -0.13287133295041942
1.9049392749478626 3.0085801717505847
-0.9145726717179263 3.526619760070723
0.294178350544702 1.9479718248381952
3.9666232928133187 2.023120171319376
0.42901079410435283 1.605404705867009
1.6818933468607928 0.6679602924243402
1.0683341743984314 7.755129813816981
4.019310012588459 0.9362708550950227
4.509035856238649 0.7982498368783641
6.223248695311909 3.330711891913138
1.613712281584776 3.611780932916999
-3.6551541474465976 -2.0563628880752995
-2.2981300230365997 2.5145951411493446
8.237053998146331 10.032680526293477
4.296983965186726 3.803040109800045
-4.483807842949861 0.046374320957521586
-0.8360215068696601 -0.23505135370401753
1.3946822530947574 0.3004739202903415
-5.125479317352836 4.692476922023122
-1.8618748926633035 2.8612887108001384
9.466697611099905 -1.3097845297111244
-7.109035081886788 0.970384801231601
5.963454685994856 9.050050835194138
-2.4263785400287006 3.7881172036514785
0.3248823555918079 1.6185859245051115
11.519636049261326 -3.410693182222552
2.9134627813804643 3.6836954183555592
5.90883076978165 2.352739352495224
3.1089819422147684 0.5900651572815521
2.9688569884823863 0.7645078082093222
4.237658803481783 0.6694027902429176
3.3575614180478714 1.8946538707340779
6.053780902779805 1.8149825950814495
-4.382916885544773 6.54291740257037
-1.2606362831054283 -0.35355881913575127
-0.14438065855657145 6.947977135414942
-5.688427170323304 13.295894721175978
5.801804512637787 2.803660090864975
1.802381597781369 3.027994669487565
3.876040742165618 4.3227761094202055
4.000176077612414 2.322490452518896
1.289581686893626 1.4554161788473579
1.2983301907303484 6.081572348721433
4.1368042002111025 -8.585399084791408
4.36124279550714 2.7010503009875895
1.9326484767947694 0.601333568880011
6.046805791949649 5.411095263642288
-0.7823596041649927 3.4653882336483264
-1.4979642443486294 -2.9666253932401503
-0.2561820085238744 5.104616500577931
5.431250163353912 3.847107512350255
4.61034483265279 3.8582418336138504
-0.30933374280262793 3.5549211608261864
4.881474290819656 4.715448787328867
6.280088137308715 4.54989384992383
3.2652135471496986 5.852540857939139
1.9045234667033837 -1.1747487444197842
1.4129589298024499 -0.6816495213032168
-0.43064178990777346 1.4797327854241358
-0.8527117155998605 0.891338493299455
-4.817012801033629 2.767857346542579
2.004339711304007 -0.9415190718454864
4.3732844063566585 5.3752524954556105
-3.7872155117283066 -0.7458092028383714
-0.7689124592342735 -1.383651163991913
4.986109430954294 1.3022259004179073
1.0477465712818013 -5.213904511864313
4.287504908753215 -2.461330221472501
-0.43064178990777346 1.4797327854241358
-0.8527117155998605 0.891338493299455
-4.817012801033629 2.767857346542579
2.004339711304007 -0.9415190718454864
4.3732844063566585 5.3752524954556105
-3.7872155117283066 -0.7458092028383714
-0.7689124592342735 -1.383651163991913
4.986109430954294 1.3022259004179073
1.0477465712818013 -5.213904511864313
4.287504908753215 -2.461330221472501
